1343974
772456
734709
1002209
249046
2342562
439572
371591
643633
1003196
779624
351429
991076
917957
726788
597773
1157778
773434
1039810
872461
614961
363220
338593
1318083
1019472
603544
440653
2390892
474280
640199
328629
496769
377340
523307
646138
208576
216283
472819
737166
1365810
605663
558216
866294
774018
1660297
1191369
575277
482825
519533
638897
1402889
808176
351449
1424194
663130
1872818
404108
816406
674981
594887
1066005
892254
596470
426567
913626
296575
459275
742844
907044
1051770
453831
823832
1033728
394971
1211478
245252
1623900
477186
2100482
1210444
859721
503283
544482
1970438
1086031
655254
654201
699694
746888
600227
528341
326409
1466614
959729
2236357
538377
611502
241104
880248
159046
354985
1133173
1415313
642083
580811
724964
640733
702619
578715
165869
741836
712494
849521
607901
1084014
688986
1049966
1470261
1406367
3092299
489390
2439636
1397704
1816118
376558
515236
340905
366057
280582
628913
473646
781271
653699
1007243
875880
735595
1123730
319138
2282278
1776896
401891
632793
716209
672959
593039
579126
2201007
610159
934975
639131
1240978
681846
781960
337186
823858
690688
1293498
884425
1023175
1081067
600462
160433
787470
717714
448411
337879
584173
1609033
657356
424013
578552
126405
278121
741567
1023576
884563
363890
906821
1948195
262547
432562
710238
621443
1188855
1515852
441390
477375
712799
988464
577129
326532
297246
742856
577466
303764
1827137
2014733
1501313
745568
672301
894775
902557
808452
527070
561618
609022
1446051
586179
388541
328989
359439
1281185
496446
962053
445869
911079
1019622
918251
445488
961586
817491
325889
696214
488973
2301582
895303
398923
303209
575660
386854
475690
405540
671136
643044
562619
451914
1471658
432008
1001420
540451
304639
950969
180311
1785817
1042065
1111923
807759
781964
906455
861545